//========================================================================
// Data set for ubmark-sort
//========================================================================

int eval_size = 250;

int eval_src[] =
{9674610, 44866310, 32620950, 65424250, 17325170, 14975000, 27871820, 20756810, 2194990, 30740620, 40331360, 48260300, 63718550, 22806920, 81994850, 27398400, 5350980, 77540310, 70975140, 21853750, 36808670, 28715370, 12946020, 11507640, 58505960, 78053090, 55903490, 8141350, 83359470, 52070230, 81987750, 21435800, 2008320, 47842470, 71335350, 58186210, 43039430, 37260580, 15305130, 33792680, 50961040, 19033740, 33028800, 35418480, 55204290, 19455520, 28517160, 5391350, 4314250, 21044020, 53303320, 34197300, 6049870, 78893810, 57450790, 67339170, 1949560, 22105740, 75228000, 66040360, 61440590, 46530960, 37611700, 18764490, 67299640, 237600, 44664570, 54708410, 28547400, 58241910, 46272210, 15660560, 1382100, 65978760, 15163770, 59734150, 27754980, 20374790, 58528710, 38557660, 69087830, 15099970, 64939280, 20577310, 29874320, 48964550, 39173680, 31495820, 77038190, 43669430, 2901370, 43014110, 44798430, 4755310, 57221520, 78633060, 69274160, 76925530, 27195320, 80987590, 51728540, 34124590, 52165900, 49822940, 42580450, 43170800, 71349760, 11248080, 34931470, 2042520, 46008420, 52807560, 14247660, 52769310, 4989340, 14435940, 83444110, 32215830, 26483920, 54947580, 66143330, 83061590, 70135090, 5584080, 56610570, 67653900, 840640, 79334120, 30355060, 68607810, 61778140, 38182270, 24744890, 22610750, 63353110, 34756580, 42755440, 71755680, 37518830, 66063440, 65989860, 57718000, 66037630, 61275700, 52915690, 41730410, 18619490, 20063010, 82891040, 81172130, 8177650, 80052080, 12016820, 49544720, 19477510, 78509050, 58249110, 38160320, 78651480, 63579820, 57490380, 75956890, 4170670, 28005170, 30178030, 22466090, 4705570, 31081970, 6362950, 42904490, 49173960, 1838850, 43496020, 11484460, 41219030, 44247930, 2221900, 83528060, 7821120, 49370960, 38935800, 24197150, 52933100, 76955080, 82491700, 31425720, 36667820, 72390880, 81037240, 73875240, 65526460, 22942260, 69110530, 62465830, 33984920, 28127320, 24160500, 33427130, 70639930, 64939330, 76426350, 7390110, 17550890, 63607730, 26510050, 72994600, 67555760, 32610780, 30886540, 21781570, 57851140, 37750260, 64965860, 27427270, 27567890, 26180720, 77883780, 48781990, 4674100, 1983320, 69758350, 22806480, 52707570, 24546490, 32980640, 73383880, 15309640, 75043700, 3370940, 18696420, 2618130, 79279970, 33191420, 17294660, 47384610, 46011730, 48517060, 12255540, 1064580, 82153210, 55436760, 64631440, 57341960, 75574540, 74059870, 37680950, 30374640, 79096840, 62967430, 66367810};

int eval_ref[] =
{237600, 840640, 1064580, 1382100, 1838850, 1949560, 1983320, 2008320, 2042520, 2194990, 2221900, 2618130, 2901370, 3370940, 4170670, 4314250, 4674100, 4705570, 4755310, 4989340, 5350980, 5391350, 5584080, 6049870, 6362950, 7390110, 7821120, 8141350, 8177650, 9674610, 11248080, 11484460, 11507640, 12016820, 12255540, 12946020, 14247660, 14435940, 14975000, 15099970, 15163770, 15305130, 15309640, 15660560, 17294660, 17325170, 17550890, 18619490, 18696420, 18764490, 19033740, 19455520, 19477510, 20063010, 20374790, 20577310, 20756810, 21044020, 21435800, 21781570, 21853750, 22105740, 22466090, 22610750, 22806480, 22806920, 22942260, 24160500, 24197150, 24546490, 24744890, 26180720, 26483920, 26510050, 27195320, 27398400, 27427270, 27567890, 27754980, 27871820, 28005170, 28127320, 28517160, 28547400, 28715370, 29874320, 30178030, 30355060, 30374640, 30740620, 30886540, 31081970, 31425720, 31495820, 32215830, 32610780, 32620950, 32980640, 33028800, 33191420, 33427130, 33792680, 33984920, 34124590, 34197300, 34756580, 34931470, 35418480, 36667820, 36808670, 37260580, 37518830, 37611700, 37680950, 37750260, 38160320, 38182270, 38557660, 38935800, 39173680, 40331360, 41219030, 41730410, 42580450, 42755440, 42904490, 43014110, 43039430, 43170800, 43496020, 43669430, 44247930, 44664570, 44798430, 44866310, 46008420, 46011730, 46272210, 46530960, 47384610, 47842470, 48260300, 48517060, 48781990, 48964550, 49173960, 49370960, 49544720, 49822940, 50961040, 51728540, 52070230, 52165900, 52707570, 52769310, 52807560, 52915690, 52933100, 53303320, 54708410, 54947580, 55204290, 55436760, 55903490, 56610570, 57221520, 57341960, 57450790, 57490380, 57718000, 57851140, 58186210, 58241910, 58249110, 58505960, 58528710, 59734150, 61275700, 61440590, 61778140, 62465830, 62967430, 63353110, 63579820, 63607730, 63718550, 64631440, 64939280, 64939330, 64965860, 65424250, 65526460, 65978760, 65989860, 66037630, 66040360, 66063440, 66143330, 66367810, 67299640, 67339170, 67555760, 67653900, 68607810, 69087830, 69110530, 69274160, 69758350, 70135090, 70639930, 70975140, 71335350, 71349760, 71755680, 72390880, 72994600, 73383880, 73875240, 74059870, 75043700, 75228000, 75574540, 75956890, 76426350, 76925530, 76955080, 77038190, 77540310, 77883780, 78053090, 78509050, 78633060, 78651480, 78893810, 79096840, 79279970, 79334120, 80052080, 80987590, 81037240, 81172130, 81987750, 81994850, 82153210, 82491700, 82891040, 83061590, 83359470, 83444110, 83528060};
