//========================================================================
// Data set for ubmark-sort
//========================================================================

int eval_size = 100;

int eval_src[] =
{17863630, 12963490, 51005030, 21788460, 71874690, 71380030, 27816400, 7963120, 52490840, 47518540, 81276140, 32793420, 78574690, 78581730, 19846990, 68342880, 18956940, 13372410, 66942940, 63670610, 77650760, 26039460, 30575810, 52152750, 16342380, 40326320, 33314430, 55892690, 35969850, 50813560, 27128980, 39455180, 1253670, 70845910, 982800, 31837280, 76971670, 67902450, 21055840, 74931500, 38609810, 23977770, 6670420, 36932920, 37417670, 69431020, 74259050, 18783480, 1851540, 65766290, 75114820, 15948330, 46317060, 27132280, 82958820, 50163490, 57415240, 4865400, 26407530, 3176250, 38349760, 11547370, 76713330, 12276090, 82966650, 69745760, 48888740, 74019100, 52884790, 60626390, 30839990, 27426510, 77200550, 17680950, 76814360, 69181530, 73753200, 42068250, 45560420, 5862910, 53769860, 22626510, 67770040, 24105660, 1147280, 35125050, 56131470, 63961500, 10562040, 73716230, 41846560, 21063800, 42257920, 82712680, 65798180, 55520730, 17984440, 68756970, 67503250, 27587330};

int eval_ref[] =
{982800, 1147280, 1253670, 1851540, 3176250, 4865400, 5862910, 6670420, 7963120, 10562040, 11547370, 12276090, 12963490, 13372410, 15948330, 16342380, 17680950, 17863630, 17984440, 18783480, 18956940, 19846990, 21055840, 21063800, 21788460, 22626510, 23977770, 24105660, 26039460, 26407530, 27128980, 27132280, 27426510, 27587330, 27816400, 30575810, 30839990, 31837280, 32793420, 33314430, 35125050, 35969850, 36932920, 37417670, 38349760, 38609810, 39455180, 40326320, 41846560, 42068250, 42257920, 45560420, 46317060, 47518540, 48888740, 50163490, 50813560, 51005030, 52152750, 52490840, 52884790, 53769860, 55520730, 55892690, 56131470, 57415240, 60626390, 63670610, 63961500, 65766290, 65798180, 66942940, 67503250, 67770040, 67902450, 68342880, 68756970, 69181530, 69431020, 69745760, 70845910, 71380030, 71874690, 73716230, 73753200, 74019100, 74259050, 74931500, 75114820, 76713330, 76814360, 76971670, 77200550, 77650760, 78574690, 78581730, 81276140, 82712680, 82958820, 82966650};
