//========================================================================
// Data set for ubmark-sort
//========================================================================

int eval_size = 50;

int eval_src[] =
{28300300, 45328470, 67331840, 20448700, 21919740, 79828630, 64790630, 39020070, 80836780, 32512940, 76093690, 22884770, 80972640, 80742620, 34648910, 34412180, 54253870, 31860210, 7668370, 81150200, 56078040, 77724910, 69282620, 46278920, 14967170, 4268540, 68937090, 44914110, 79888330, 74332350, 37822640, 46286630, 31745370, 25878840, 55277270, 37732630, 62917650, 36656490, 47839940, 25829350, 60070850, 52285740, 33175000, 30860790, 51239740, 32577690, 22956990, 19450420, 50493390, 70087560};

int eval_ref[] =
{4268540, 7668370, 14967170, 19450420, 20448700, 21919740, 22884770, 22956990, 25829350, 25878840, 28300300, 30860790, 31745370, 31860210, 32512940, 32577690, 33175000, 34412180, 34648910, 36656490, 37732630, 37822640, 39020070, 44914110, 45328470, 46278920, 46286630, 47839940, 50493390, 51239740, 52285740, 54253870, 55277270, 56078040, 60070850, 62917650, 64790630, 67331840, 68937090, 69282620, 70087560, 74332350, 76093690, 77724910, 79828630, 79888330, 80742620, 80836780, 80972640, 81150200};
