//========================================================================
// Data set for ubmark-sort
//========================================================================

int eval_size = 500;

int eval_src[] =
{59235980, 47293760, 40640080, 46113130, 34111910, 71736380, 20338780, 28829150, 7736170, 21513890, 67708130, 50043590, 5521290, 14515240, 29480200, 19713080, 73110120, 13262810, 332140, 66876850, 2659410, 57337500, 27210380, 11426710, 74850140, 56706870, 45292240, 55595660, 68794910, 78817780, 37725090, 17395340, 75685410, 46750940, 41148190, 31935920, 67447160, 44229630, 14956790, 37580640, 67760620, 51687640, 50829090, 55851530, 71217440, 41010270, 7311650, 57554780, 6060130, 77472790, 30607350, 46141960, 21028110, 811730, 36543280, 20316440, 75649450, 74267090, 45339470, 13845650, 60183400, 38887670, 31658910, 66877940, 31856150, 46904050, 8214610, 11842060, 64265450, 60351920, 50356770, 56141050, 64865970, 19401010, 45228530, 55005510, 67456720, 30554370, 34724240, 18284800, 57228660, 6215360, 1920990, 31954540, 34717920, 66621880, 82124100, 74675820, 11659810, 41844230, 31078820, 27188560, 60241340, 60678080, 66268260, 22168620, 51549800, 60747530, 19229040, 72984730, 32295500, 5135730, 744000, 32104060, 44024980, 37125970, 16624260, 10210140, 1442990, 35781460, 83542110, 19101390, 28024450, 37273340, 79640820, 53586310, 71759900, 15800860, 19226530, 34024400, 30383130, 19654260, 62644950, 7721030, 83161730, 47777820, 77134400, 39430160, 51809120, 51064960, 44258240, 20928120, 52936280, 36153390, 66348310, 12221540, 80735360, 83412440, 49712250, 73282820, 34428770, 48601210, 66478870, 36027910, 9843000, 52738840, 4011940, 57276980, 64678300, 80757880, 45597230, 80197140, 66551390, 33589180, 72380260, 74038290, 21445050, 59371260, 38144790, 62625410, 593330, 33975660, 72674160, 45238960, 5252260, 14962110, 13878350, 44485940, 3913020, 8804340, 63012890, 64076820, 12388690, 66208630, 48133290, 25432530, 73018590, 59827880, 18277710, 27593460, 83333630, 51507370, 53068320, 10425830, 74707610, 38571770, 6865250, 54237570, 42494630, 19168920, 24535810, 56598910, 58519400, 16688760, 58954380, 35034670, 43052680, 16083730, 46727140, 37405070, 52023650, 80082430, 43748760, 33634810, 1612830, 61167500, 70677910, 30273450, 73875530, 40927970, 44112590, 71134400, 28545200, 21975200, 69030750, 13231450, 75187910, 15018950, 45004070, 40637640, 81588520, 35873070, 50894930, 20257630, 5430040, 4315190, 61840330, 54247480, 74460220, 53831350, 33870220, 32485600, 10722820, 74661800, 27726370, 83020970, 64503980, 35798560, 30928360, 45179460, 36516170, 28626920, 43533850, 60626710, 80219130, 55147550, 8471470, 50663190, 63476310, 55150010, 51262090, 1141050, 55162970, 20496540, 14165860, 68705320, 3702520, 31123090, 14373930, 19973040, 50662890, 32562010, 76620, 32008580, 4326860, 57392950, 46297030, 48289270, 31748990, 66620, 46326650, 66666910, 73279890, 71450400, 38432900, 50391990, 19744720, 13130390, 14638630, 72735960, 18441950, 75877330, 19131490, 54518890, 46815890, 33498930, 70485970, 50917940, 36963450, 67878610, 71426140, 78323740, 13694090, 61967100, 69941790, 62296480, 17108830, 27539690, 15647910, 28380020, 15166050, 32693840, 57545760, 19524800, 41643680, 35644810, 23026300, 13963830, 74375770, 53540140, 24097220, 28096090, 80391370, 65532100, 45731440, 31122350, 24297690, 72257190, 81152830, 45038750, 3587790, 72427230, 10255810, 71821450, 55753900, 7759800, 51688780, 74780690, 4874970, 72614690, 33091410, 3654630, 56765630, 52223480, 2487010, 9686000, 51475800, 69703500, 49470080, 69196460, 38406360, 61442850, 18129450, 44357650, 19320470, 10035700, 43510690, 20163660, 61888740, 22208690, 32177400, 48888300, 18300290, 21330290, 48924590, 15211190, 26338060, 48862890, 55240840, 22728930, 34018350, 14426020, 75511420, 18509150, 45896400, 73618580, 38173540, 45993260, 12214150, 46205840, 21418000, 6648600, 15440610, 26960150, 66298410, 76153470, 74187600, 51580730, 26680580, 27640110, 39267820, 47742940, 51538120, 82868040, 64333730, 81549160, 3402900, 8699070, 72459710, 57949370, 57075560, 9013160, 9861970, 59401100, 28561440, 754120, 71739530, 22070700, 39199710, 17091620, 21126620, 15930890, 23782020, 73457460, 12483300, 15469040, 9281760, 64347620, 76243250, 83634020, 76943620, 48887620, 25047540, 62289600, 58260390, 22475480, 80942050, 68883170, 1416160, 47553610, 65567770, 33047430, 19205620, 68258610, 16399040, 45355790, 73101310, 77428570, 8005280, 58572980, 70088460, 62714620, 37908310, 76132540, 78243370, 62479880, 80994190, 1279740, 16621140, 48608010, 65100200, 54564030, 1449950, 47051360, 27993780, 32149560, 16777040, 53485420, 16171920, 32779360, 81816880, 13546600, 48150820, 21838950, 45429590, 26752420, 36906740, 70334320, 60986080, 24953380, 72205580, 54238340, 69073570, 60028730, 69028460, 28367310, 68302050, 21945970, 29426210, 64746520, 3684640, 5901050, 19966690, 54557170, 61604290, 75860750, 10770040, 78664110, 47174230, 21502790, 51633830, 444540, 64250880, 79996350, 55689930, 79552810, 39583670, 49649380, 14604550, 72567590, 28806620, 25649960, 35636730, 53927790, 40529260, 21233360, 64406660, 78547140, 68075830, 2546400};

int eval_ref[] =
{66620, 76620, 332140, 444540, 593330, 744000, 754120, 811730, 1141050, 1279740, 1416160, 1442990, 1449950, 1612830, 1920990, 2487010, 2546400, 2659410, 3402900, 3587790, 3654630, 3684640, 3702520, 3913020, 4011940, 4315190, 4326860, 4874970, 5135730, 5252260, 5430040, 5521290, 5901050, 6060130, 6215360, 6648600, 6865250, 7311650, 7721030, 7736170, 7759800, 8005280, 8214610, 8471470, 8699070, 8804340, 9013160, 9281760, 9686000, 9843000, 9861970, 10035700, 10210140, 10255810, 10425830, 10722820, 10770040, 11426710, 11659810, 11842060, 12214150, 12221540, 12388690, 12483300, 13130390, 13231450, 13262810, 13546600, 13694090, 13845650, 13878350, 13963830, 14165860, 14373930, 14426020, 14515240, 14604550, 14638630, 14956790, 14962110, 15018950, 15166050, 15211190, 15440610, 15469040, 15647910, 15800860, 15930890, 16083730, 16171920, 16399040, 16621140, 16624260, 16688760, 16777040, 17091620, 17108830, 17395340, 18129450, 18277710, 18284800, 18300290, 18441950, 18509150, 19101390, 19131490, 19168920, 19205620, 19226530, 19229040, 19320470, 19401010, 19524800, 19654260, 19713080, 19744720, 19966690, 19973040, 20163660, 20257630, 20316440, 20338780, 20496540, 20928120, 21028110, 21126620, 21233360, 21330290, 21418000, 21445050, 21502790, 21513890, 21838950, 21945970, 21975200, 22070700, 22168620, 22208690, 22475480, 22728930, 23026300, 23782020, 24097220, 24297690, 24535810, 24953380, 25047540, 25432530, 25649960, 26338060, 26680580, 26752420, 26960150, 27188560, 27210380, 27539690, 27593460, 27640110, 27726370, 27993780, 28024450, 28096090, 28367310, 28380020, 28545200, 28561440, 28626920, 28806620, 28829150, 29426210, 29480200, 30273450, 30383130, 30554370, 30607350, 30928360, 31078820, 31122350, 31123090, 31658910, 31748990, 31856150, 31935920, 31954540, 32008580, 32104060, 32149560, 32177400, 32295500, 32485600, 32562010, 32693840, 32779360, 33047430, 33091410, 33498930, 33589180, 33634810, 33870220, 33975660, 34018350, 34024400, 34111910, 34428770, 34717920, 34724240, 35034670, 35636730, 35644810, 35781460, 35798560, 35873070, 36027910, 36153390, 36516170, 36543280, 36906740, 36963450, 37125970, 37273340, 37405070, 37580640, 37725090, 37908310, 38144790, 38173540, 38406360, 38432900, 38571770, 38887670, 39199710, 39267820, 39430160, 39583670, 40529260, 40637640, 40640080, 40927970, 41010270, 41148190, 41643680, 41844230, 42494630, 43052680, 43510690, 43533850, 43748760, 44024980, 44112590, 44229630, 44258240, 44357650, 44485940, 45004070, 45038750, 45179460, 45228530, 45238960, 45292240, 45339470, 45355790, 45429590, 45597230, 45731440, 45896400, 45993260, 46113130, 46141960, 46205840, 46297030, 46326650, 46727140, 46750940, 46815890, 46904050, 47051360, 47174230, 47293760, 47553610, 47742940, 47777820, 48133290, 48150820, 48289270, 48601210, 48608010, 48862890, 48887620, 48888300, 48924590, 49470080, 49649380, 49712250, 50043590, 50356770, 50391990, 50662890, 50663190, 50829090, 50894930, 50917940, 51064960, 51262090, 51475800, 51507370, 51538120, 51549800, 51580730, 51633830, 51687640, 51688780, 51809120, 52023650, 52223480, 52738840, 52936280, 53068320, 53485420, 53540140, 53586310, 53831350, 53927790, 54237570, 54238340, 54247480, 54518890, 54557170, 54564030, 55005510, 55147550, 55150010, 55162970, 55240840, 55595660, 55689930, 55753900, 55851530, 56141050, 56598910, 56706870, 56765630, 57075560, 57228660, 57276980, 57337500, 57392950, 57545760, 57554780, 57949370, 58260390, 58519400, 58572980, 58954380, 59235980, 59371260, 59401100, 59827880, 60028730, 60183400, 60241340, 60351920, 60626710, 60678080, 60747530, 60986080, 61167500, 61442850, 61604290, 61840330, 61888740, 61967100, 62289600, 62296480, 62479880, 62625410, 62644950, 62714620, 63012890, 63476310, 64076820, 64250880, 64265450, 64333730, 64347620, 64406660, 64503980, 64678300, 64746520, 64865970, 65100200, 65532100, 65567770, 66208630, 66268260, 66298410, 66348310, 66478870, 66551390, 66621880, 66666910, 66876850, 66877940, 67447160, 67456720, 67708130, 67760620, 67878610, 68075830, 68258610, 68302050, 68705320, 68794910, 68883170, 69028460, 69030750, 69073570, 69196460, 69703500, 69941790, 70088460, 70334320, 70485970, 70677910, 71134400, 71217440, 71426140, 71450400, 71736380, 71739530, 71759900, 71821450, 72205580, 72257190, 72380260, 72427230, 72459710, 72567590, 72614690, 72674160, 72735960, 72984730, 73018590, 73101310, 73110120, 73279890, 73282820, 73457460, 73618580, 73875530, 74038290, 74187600, 74267090, 74375770, 74460220, 74661800, 74675820, 74707610, 74780690, 74850140, 75187910, 75511420, 75649450, 75685410, 75860750, 75877330, 76132540, 76153470, 76243250, 76943620, 77134400, 77428570, 77472790, 78243370, 78323740, 78547140, 78664110, 78817780, 79552810, 79640820, 79996350, 80082430, 80197140, 80219130, 80391370, 80735360, 80757880, 80942050, 80994190, 81152830, 81549160, 81588520, 81816880, 82124100, 82868040, 83020970, 83161730, 83333630, 83412440, 83542110, 83634020};
